province	cityid
31	52
31	51
31	50
31	49
31	48
31	47
31	46
31	45
31	44
31	43
31	42
30	41
29	40
29	39
26	38
25	37
25	36
25	35
25	34
24	33
23	32
23	31
23	30
22	28
21	27
19	26
19	25
18	24
17	23
16	22
16	21
16	20
16	19
16	18
16	17
15	16
15	15
15	14
15	13
15	12
13	11
12	10
10	7
7	6
5	5
4	4
3	3
2	2
1	1
31	55
31	54
31	53
23	7606
8	7605
11	7604
22	7600
22	7599
23	7598
12	7596
19	7595
25	7594
10	7593
18	7592
16	7590
27	7589
15	7588
14	7587
16	7586
27	7582
7	7579
15	7578
17	7577
28	7576
22	7575
28	7573
6	7572
16	7571
53	7570
7	7569
28	2712
25	2711
25	2710
25	2709
9	2708
25	2707
0	2706
26	2705
5	2704
26	2703
26	2702
26	2701
26	2700
26	2699
26	2698
6	2697
6	2696
6	2695
26	2694
26	2693
6	2692
6	2691
6	2690
6	2689
28	2688
28	2687
26	2686
28	2685
28	2684
5	2683
29	2682
28	2681
28	2680
26	2677
5	2676
26	2675
26	2674
5	2673
26	2672
5	2671
28	2670
28	2669
28	2668
5	2667
28	2666
28	2665
28	2664
28	2663
28	2662
5	2787
9	2786
5	2785
5	2784
5	2783
5	2782
5	2781
5	2780
5	2779
5	2778
5	2777
5	2776
5	2775
5	2774
5	2773
5	2772
5	2771
5	2770
5	2769
5	2768
5	2767
5	2765
5	2764
5	2763
5	2762
5	2761
5	2760
5	2759
28	2889
28	2888
11	2887
11	2886
11	2885
11	2884
11	2883
11	2882
6	2881
6	2880
6	2879
6	2878
6	2877
6	2876
6	2875
6	2874
6	2873
11	2872
6	2870
11	2869
6	2868
14	2867
6	2866
6	2865
6	2864
6	2863
6	2862
6	2860
6	2859
6	2858
6	2857
6	2856
6	2855
6	2854
6	2853
6	2852
6	2851
21	2850
6	2849
7	2848
7	2847
7	2846
7	2845
7	2844
7	2843
7	2842
7	2841
7	2840
7	2839
6	2994
6	2993
6	2992
6	2991
6	2990
6	2989
6	2988
6	2987
6	2986
6	2985
6	2984
28	2983
28	2982
28	2981
28	2980
28	2979
5	2978
5	2977
5	2976
5	2975
5	2974
5	2973
5	2972
5	2971
5	2970
5	2969
5	2968
5	2967
5	2966
5	2965
5	2964
5	2963
5	2962
5	2961
5	2960
5	2959
5	2958
5	2957
5	2956
5	2955
27	2953
5	2952
5	2951
5	2950
5	2949
5	2948
5	2947
5	2946
5	2944
5	2943
6	3086
6	3085
6	3083
6	3082
6	3081
6	3080
6	3078
6	3077
6	3076
6	3075
6	3074
6	3073
6	3072
6	3071
6	3070
6	3069
6	3068
6	3067
6	3066
6	3065
6	3064
6	3063
6	3062
6	3061
6	3060
6	3059
6	3058
6	3057
6	3056
16	3055
6	3054
23	3053
5	3051
5	3050
5	3049
5	3048
5	3047
6	3046
6	3045
29	3385
29	3360
15	3329
29	3327
29	3326
53	5383
0	6309
10	1042
10	1041
10	1040
10	1039
10	1038
25	1806
10	1804
19	1803
11	1092
11	1091
8	1090
18	1089
9	1088
17	1087
17	1086
17	1084
28	1083
17	1082
20	1081
20	1080
20	1079
17	1078
17	1077
9	1076
9	1075
10	1074
10	1073
9	1072
10	1071
8	1070
8	1069
8	1068
12	1067
12	1066
12	1065
12	1064
12	1063
22	1062
9	1061
9	1060
9	1059
9	1058
20	1057
12	1056
12	1055
22	1054
8	1053
8	1052
7	1051
7	1050
7	1049
7	1048
7	1047
6	1046
5	1045
10	1044
10	1043
5	1143
5	1142
24	1141
24	1140
26	1139
1	1138
1	1137
28	1136
28	1135
28	1134
28	1133
8	1132
8	1131
5	1130
5	1129
5	1128
5	1127
20	1126
21	1125
21	1124
21	1123
20	1122
20	1121
7	1120
7	1119
8	1118
20	1117
6	1116
6	1115
26	1114
24	1113
24	1112
21	1111
21	1110
28	1109
18	1108
16	1107
10	1106
23	1105
23	1104
23	1103
23	1102
22	1100
22	1099
1	1098
22	1097
8	1096
11	1095
9	1094
9	1093
25	1161
4	1160
12	1159
13	1158
7	1157
7	1156
7	1155
5	1154
28	1153
7	1152
6	1151
7	1150
3	1149
22	1148
22	1147
22	1146
25	1145
5	1144
25	1236
22	1233
9	1232
2	1230
26	1227
8	1226
15	1224
15	1223
22	1222
8	1221
4	1220
20	1219
16	1212
16	1209
16	1208
16	1206
15	1205
1	1204
23	1203
13	1202
16	1201
15	1200
29	1299
25	1342
25	1341
10	1340
10	1339
10	1338
25	1337
22	1336
22	1335
25	1334
25	1333
16	1332
25	1331
25	1330
20	1329
29	1327
13	1326
29	1325
26	1324
21	1323
10	1322
21	1321
9	1320
8	1319
5	1318
11	1317
11	1316
11	1315
28	1314
28	1313
6	1312
7	1311
13	1310
28	1309
5	1308
5	1307
8	1306
5	1305
6	1303
6	1302
6	1301
7	1300
19	1373
22	1372
22	1371
10	1370
28	1368
16	1367
15	1358
11	1510
11	1509
1	1508
6	1507
28	1506
28	1505
8	1504
8	1503
19	1502
8	1501
1	1500
1	1499
22	1498
8	1497
13	1496
25	1495
24	1494
25	1493
10	1492
22	1491
20	1490
23	1422
23	1421
28	1407
22	1560
21	1559
20	1558
20	1557
20	1556
20	1555
13	1554
12	1553
21	1552
6	1551
11	1550
12	1549
12	1548
6	1547
5	1546
6	1545
7	1544
5	1543
28	1542
13	1541
13	1540
13	1539
14	1538
11	1535
28	1534
22	1533
28	1532
11	1531
19	1530
11	1529
11	1528
11	1527
11	1526
11	1525
11	1524
11	1523
8	1522
20	1521
10	1520
23	1519
24	1518
22	1517
22	1516
22	1515
23	1514
28	1513
20	1512
11	1511
5	1611
6	1610
5	1609
28	1607
5	1606
25	1605
5	1604
26	1603
5	1602
5	1601
5	1600
5	1599
5	1598
22	1597
5	1596
5	1595
22	1593
4	1592
6	1591
6	1590
5	1589
6	1588
5	1587
5	1586
6	1585
6	1584
6	1583
5	1582
6	1581
6	1580
6	1579
28	1578
28	1577
7	1576
8	1575
6	1572
7	1570
7	1569
7	1568
7	1567
22	1566
7	1565
7	1564
11	1563
11	1562
7	1561
6	1661
6	1660
7	1659
28	1658
6	1657
6	1656
6	1655
6	1654
7	1653
7	1652
7	1651
7	1650
7	1649
7	1648
7	1647
7	1646
7	1645
7	1644
7	1643
7	1642
7	1641
7	1640
7	1639
7	1638
1	1637
3	1636
3	1635
1	1634
8	1633
8	1632
1	1631
1	1630
5	1629
5	1628
5	1627
28	1626
5	1625
5	1624
5	1623
5	1622
5	1621
5	1620
13	1619
5	1618
5	1617
5	1616
5	1615
5	1614
5	1613
5	1612
26	1711
26	1708
4	1707
22	1706
17	1705
27	1704
27	1703
27	1702
27	1701
18	1700
2	1699
20	1697
10	1696
22	1695
25	1694
26	1693
25	1692
10	1691
17	1690
19	1689
10	1688
10	1687
18	1686
9	1685
5	1683
5	1682
7	1681
12	1680
3	1679
24	1677
7	1676
13	1675
21	1674
10	1673
5	1672
5	1671
5	1670
5	1669
5	1668
5	1667
5	1666
5	1665
5	1664
5	1663
5	1662
0	6769
33	59
32	58
31	57
31	56
12	129
12	128
12	127
12	126
27	125
27	124
12	123
12	119
12	118
12	117
12	112
12	111
12	110
29	109
30	108
11	106
11	105
11	104
28	103
13	100
14	99
29	98
30	97
15	96
22	95
22	94
25	93
30	92
22	91
16	90
16	87
16	86
16	85
16	84
15	83
15	82
12	130
28	7518
31	7495
16	7533
24	7531
8	7530
22	7525
53	7524
53	7523
24	7521
10	7519
9	1454
11	1453
10	1452
16	1443
23	1436
23	1428
8	1485
8	1474
15	1472
6	1466
16	1823
24	1822
22	1821
10	1820
25	1819
18	1840
15	1839
22	1838
13	1837
20	7779
24	7773
11	7772
10	7771
9	7770
15	7767
9	7766
8	7759
10	7758
27	7752
22	7751
28	7749
28	7748
25	7746
10	7745
22	7744
20	7740
53	7811
53	7810
53	7809
53	7808
27	7807
10	7806
53	7805
21	7803
27	7802
8	7799
27	7794
28	7793
29	7792
25	7791
16	7789
10	7783
29	7782
16	83681
16	83680
27	83679
24	7652
28	7651
9	7650
4	7646
8	7644
26	7642
17	7639
28	7638
9	7637
21	7632
11	7631
10	7630
8	7629
28	7626
10	7625
23	7624
22	7622
26	7619
20	7618
1	7615
53	7614
53	7613
24	7607
13	7844
25	7843
10	7842
16	7841
8	7840
10	7839
16	7836
22	7835
22	7834
13	7829
5	7828
7	7823
6	7814
10	7736
8	7733
10	7728
14	7727
18	7724
26	7723
22	7716
10	7714
27	7713
14	7712
26	7711
9	7710
4	7708
13	7707
28	2661
28	2660
7	2659
7	2658
7	2657
5	2656
5	2655
5	2654
5	2653
5	2652
28	2651
26	2650
26	2649
26	2648
4	2647
15	2646
22	2645
22	2644
5	2643
26	2642
5	2641
5	2640
5	2639
22	2638
5	2637
5	2636
5	2635
22	2634
6	2633
6	2632
22	2631
22	2630
22	2629
6	2628
22	2627
22	2626
22	2625
22	2624
22	2623
22	2622
22	2621
12	2619
12	2618
13	2617
6	2616
6	2615
6	2614
6	2613
6	2612
6	2611
5	2758
5	2757
5	2756
5	2755
6	2754
6	2753
6	2752
6	2751
6	2750
6	2749
6	2748
6	2747
6	2746
6	2745
28	2744
28	2743
28	2742
28	2741
28	2740
28	2739
28	2738
28	2737
28	2736
22	2735
7	2734
7	2733
7	2732
7	2731
25	2730
25	2729
21	2728
25	2727
18	2726
27	2725
22	2724
22	2723
22	2721
22	2720
22	2719
22	2718
22	2717
22	2716
22	2715
25	2714
25	2713
7	2838
7	2837
7	2836
7	2835
7	2834
7	2833
1	2832
7	2831
7	2830
1	2829
7	2828
11	2827
11	2826
11	2825
11	2824
11	2823
11	2821
1	2820
11	2819
11	2818
1	2817
1	2816
1	2815
1	2814
1	2813
1	2812
1	2811
1	2810
28	2809
28	2808
28	2807
28	2806
28	2805
28	2804
28	2803
28	2802
28	2801
28	2800
28	2799
28	2798
28	2797
28	2796
28	2795
28	2794
28	2793
28	2792
28	2791
28	2790
25	2788
5	2942
5	2941
14	2939
14	2938
14	2937
13	2936
13	2935
13	2934
13	2933
28	2931
28	2930
28	2929
5	2928
5	2927
5	2926
5	2925
5	2924
5	2923
5	2922
5	2921
5	2919
5	2918
5	2917
5	2916
5	2915
5	2914
5	2913
5	2912
5	2911
5	2910
5	2909
5	2908
5	2907
5	2906
5	2905
5	2904
5	2903
5	2902
28	2901
28	2900
28	2898
28	2897
11	2896
28	2895
28	2894
28	2893
28	2892
28	2891
28	2890
6	3044
6	3043
6	3042
6	3041
6	3040
6	3039
6	3038
6	3037
28	3036
28	3035
28	3034
28	3033
6	3032
6	3031
6	3030
6	3029
6	3028
6	3027
6	3026
6	3025
6	3024
6	3023
6	3022
6	3021
6	3020
5	3019
5	3018
5	3017
5	3016
5	3015
6	3014
5	3013
5	3012
6	3011
6	3010
6	3009
30	3008
5	3007
5	3006
5	3005
5	3004
5	3003
5	3002
5	3001
5	3000
5	2999
6	2998
6	2997
6	2996
6	2995
15	3233
15	3230
21	3229
26	3225
9	3222
9	3221
53	6954
17	946
17	945
17	944
18	943
18	942
20	941
21	940
23	939
23	938
20	937
18	936
18	935
18	934
18	933
18	932
23	931
19	996
19	995
19	994
19	993
20	992
18	991
21	990
21	989
4	988
4	987
26	986
25	985
25	984
26	983
26	982
21	981
26	980
18	979
16	978
18	977
26	976
26	975
26	974
16	973
24	972
24	971
21	970
9	969
13	968
7	967
7	966
3	965
7	964
7	963
6	962
16	961
16	960
16	959
9	958
9	957
23	956
23	955
23	954
23	953
9	952
9	951
9	950
8	949
17	948
8	947
11	140
11	139
11	137
11	136
11	135
11	134
11	133
27	132
12	131
10	1037
10	1036
14	1035
14	1034
14	1033
12	1032
12	1031
12	1030
9	1029
18	1028
18	1027
17	1026
9	1025
17	1024
9	1023
12	1022
13	1021
14	1020
15	1019
15	1018
15	1017
17	1016
17	1015
17	1014
17	1013
15	1012
21	1011
17	1010
17	1009
17	1008
17	1007
17	1006
17	1005
18	1004
18	1003
18	1002
18	1001
16	1000
16	999
16	998
16	997
20	204
19	203
28	202
21	201
6	199
6	198
25	197
0	195
12	190
24	189
10	188
8	187
25	186
8	185
28	184
17	182
9	181
19	180
26	179
7	178
17	177
29	175
29	173
12	171
29	166
6	165
6	162
6	161
6	159
6	158
5	157
5	156
5	155
5	153
5	150
5	149
8	147
10	145
10	144
10	143
28	142
28	141
23	259
19	258
17	257
16	256
29	255
7	254
7	252
23	251
4	249
4	247
19	246
20	245
22	241
11	240
15	238
22	237
10	236
22	234
2	232
5	231
5	229
0	226
16	225
15	224
23	223
9	222
7	221
17	218
8	216
23	215
17	214
15	213
23	212
7	211
23	210
17	209
16	208
21	206
5	317
23	316
32	314
26	312
16	311
10	310
25	309
16	308
18	307
18	305
23	299
23	298
21	297
16	296
23	295
29	294
20	292
23	291
8	290
21	289
12	288
17	287
29	285
13	284
20	283
21	282
5	281
23	280
3	279
17	278
8	275
17	272
19	270
18	268
22	267
27	371
22	370
12	369
0	367
25	365
18	356
22	355
24	354
15	353
6	352
7	351
9	350
13	349
19	348
16	346
22	345
18	344
10	342
19	341
8	340
23	339
2	337
23	335
26	333
9	331
29	330
29	329
20	328
7	327
13	326
15	325
19	324
14	321
10	318
21	433
0	432
25	431
5	430
23	429
8	428
4	427
29	426
7	424
23	422
5	421
0	418
0	417
5	416
0	414
0	413
25	412
18	411
16	408
16	407
19	406
17	405
13	404
17	403
15	402
0	401
29	399
23	397
24	396
26	395
20	394
19	392
23	389
13	388
7	387
9	385
0	382
24	380
19	378
22	377
18	376
16	375
19	374
8	373
19	372
16	548
23	547
16	546
8	545
22	544
30	543
10	542
10	541
16	540
21	539
0	538
15	537
16	536
22	535
18	534
10	533
20	530
29	529
5	528
12	527
16	525
6	523
17	521
0	520
21	519
18	518
5	517
4	516
20	515
22	514
11	513
15	512
23	447
21	446
23	445
19	444
10	443
20	442
9	441
6	440
30	439
19	437
9	436
25	435
15	621
16	620
16	619
9	618
53	617
10	614
21	612
5	611
19	606
26	605
18	603
21	601
19	600
16	599
21	598
16	597
16	596
16	595
15	594
17	590
17	589
2	588
17	583
16	582
23	581
16	580
15	579
16	578
15	577
23	576
30	575
16	571
10	569
8	562
15	561
19	560
9	559
26	558
11	557
14	556
25	555
23	553
23	552
9	551
8	550
21	677
19	667
13	664
13	663
13	662
25	661
25	660
16	659
16	658
20	657
15	656
16	655
15	654
26	653
16	652
0	630
23	629
16	732
23	729
53	720
15	697
15	696
23	693
23	692
23	689
23	686
16	755
22	750
21	747
0	746
0	744
10	833
15	895
15	894
17	893
17	892
17	891
17	890
10	889
10	888
8	887
8	886
3	885
23	884
16	883
16	882
16	881
16	880
15	879
16	878
15	877
15	876
15	875
23	874
10	873
16	872
24	871
18	870
25	869
16	868
6	867
21	866
10	865
16	930
16	929
23	928
23	927
21	926
21	925
21	924
21	923
21	922
21	921
21	920
21	918
21	917
23	916
23	915
23	914
23	913
23	912
23	911
23	910
10	909
11	908
11	907
16	906
8	905
13	904
13	903
13	902
29	901
17	900
9	899
9	898
9	897
15	896
10	10273
22	10272
9	10271
12	10270
25	10254
8	10253
22	10252
15	10299
22	10298
10	10297
22	10296
0	6484
53	5589
53	3849
53	3848
53	3847
53	3846
53	3845
53	3844
30	3839
11	3889
28	3887
6	3886
20	3885
18	3884
15	3881
16	3876
10	3863
26	3852
10	4013
12	4004
25	3997
25	3996
9	3995
10	3990
10	3989
13	3988
15	3980
13	3978
21	3977
28	3976
6	3973
20	3972
18	3971
18	3970
24	3969
24	3968
24	3967
22	3966
31	4159
20	4154
24	4147
24	4146
23	4145
10	4144
17	4143
30	4142
10	4141
15	4139
6	4137
9	4136
8	4132
11	4131
22	4130
15	4125
22	4124
16	4244
25	4243
27	62442
19	62441
8	62497
53	7203
9	21469
29	21468
11	21467
21	21466
18	21465
6	21464
18	21463
21	21462
29	21461
19	21460
21	21459
22	21458
11	21457
7	21456
18	21455
15	7559
16	7558
15	7557
10	7554
22	7553
11	7552
12	7551
22	7550
22	7549
28	7548
16	7547
9	7545
26	7544
26	7542
24	7541
22	7540
24	7539
24	7538
22	7537
10	7536
29	7534
13	20871
30	20870
6	20869
31	20868
28	20867
17	20866
5	20865
12	20864
21	20863
25	20862
22	20861
21	20860
30	20859
28	20858
18	20857
22	20856
24	20855
26	20854
7	20853
28	20852
28	20851
8	20850
19	20849
30	20848
13	20847
26	20846
30	20845
11	20844
9	20843
8	20842
8	20841
24	20840
30	20839
18	20838
24	20837
31	20836
17	20834
10	20833
29	20832
9	20831
13	20830
25	20829
23	20828
17	20827
11	20826
15	20825
21	20824
12	20823
21	20822
13	20971
12	20970
13	20969
19	20968
22	20967
22	20966
25	20965
13	20964
25	20963
8	20962
30	20961
25	20960
8	20959
21	20958
9	20957
23	20956
13	20955
8	20954
24	20953
9	20952
21	20951
11	20950
11	20949
21	20948
22	20947
19	20946
11	20945
18	20944
29	20943
12	20942
26	20941
22	20940
23	20939
10	20938
20	20937
21	20936
18	20935
24	20934
13	20933
17	20932
29	20931
12	20930
25	20929
23	20928
26	20927
9	20926
28	20925
15	20924
10	20923
20	20922
28	21021
9	21020
12	21019
24	21018
29	21017
5	21016
18	21015
13	21014
8	21013
18	21012
29	21011
21	21010
9	21009
17	21008
12	21007
21	21006
5	21005
8	21004
21	21003
18	21002
28	21001
9	21000
22	20999
29	20998
8	20997
10	20996
26	20995
11	20994
28	20993
24	20992
30	20991
8	20990
18	20989
27	20988
9	20987
22	20986
12	20985
11	20984
12	20983
9	20982
30	20981
19	20980
7	20979
17	20978
22	20977
28	20976
25	20975
22	20974
26	20973
22	20972
7	21121
30	21120
11	21119
14	21118
25	21117
22	21116
17	21115
27	21114
11	21113
22	21112
15	21111
9	21110
29	21109
28	21108
20	21107
22	21106
26	21105
22	21104
25	21103
5	21102
27	21101
23	21100
28	21099
25	21098
11	21097
22	21096
24	21095
9	21094
26	21093
22	21092
28	21091
19	21090
8	21089
18	21088
26	21087
21	21086
5	21085
28	21084
11	21083
9	21082
26	21081
26	21080
22	21079
11	21078
22	21077
25	21076
23	21075
16	21074
24	21073
9	21072
18	21221
25	21220
21	21219
25	21218
21	21217
23	21216
20	21215
8	21214
22	21213
11	21212
18	21211
11	21210
11	21209
25	21208
9	21207
18	21206
23	21205
21	21204
26	21203
22	21202
12	21201
28	21200
26	21199
28	21198
28	21197
13	21196
5	21195
9	21194
26	21193
25	21192
22	21191
4	21190
8	21189
11	21188
12	21187
20	21186
9	21185
28	21184
4	21183
22	21182
10	21181
10	21180
26	21179
30	21178
12	21177
30	21176
11	21175
29	21174
26	21173
24	21172
29	21321
9	21320
19	21319
13	21318
13	21317
4	21316
30	21315
5	21314
25	21313
8	21312
28	21311
30	21310
14	21309
17	21308
8	21307
22	21306
22	21305
24	21304
26	21303
7	21302
22	21301
28	21300
4	21299
11	21298
9	21297
24	21296
18	21295
24	21294
22	21293
22	21292
21	21291
30	21290
30	21289
29	21288
26	21287
26	21286
30	21285
28	21284
9	21283
9	21282
13	21281
26	21280
11	21279
23	21278
18	21277
18	21276
8	21275
21	21274
12	21273
22	21272
21	21421
5	21420
27	21419
10	21418
24	21417
19	21416
28	21415
8	21414
11	21413
18	21412
12	21411
17	21410
17	21409
26	21408
25	21407
28	21406
23	21405
15	21404
30	21403
28	21402
30	21401
21	21400
10	21399
18	21398
11	21397
27	21396
29	21395
12	21394
18	21393
23	21392
28	21391
21	21390
27	21389
9	21388
4	21387
22	21386
10	21385
7	21384
21	21383
21	21382
25	21381
17	21380
29	21379
13	21378
11	21377
14	21376
23	21375
5	21374
28	21373
22	21372
12	1942
12	1941
12	1940
12	1938
12	1937
12	1936
12	1935
12	1934
12	1933
12	1932
12	1931
4	1930
13	1929
13	1928
13	1927
13	1926
12	1925
12	1924
12	1923
12	1922
12	1921
12	1920
12	1919
12	1918
12	1917
12	1916
12	1915
12	1914
12	1913
12	1912
12	1911
12	1910
12	1909
12	1908
12	1907
12	1906
12	1905
25	1904
24	1903
24	1902
24	1901
24	1900
24	1899
24	1898
24	1897
24	1896
24	1895
24	1894
9	2043
9	2042
9	2041
9	2040
11	2039
11	2038
11	2037
11	2036
11	2035
11	2034
8	2033
8	2032
8	2031
8	2030
8	2029
8	2028
8	2027
8	2026
8	2025
8	2024
8	2023
8	2022
8	2021
8	2020
8	2019
11	2018
11	2017
11	2016
11	2015
11	2014
11	2013
10	2012
11	2011
8	2010
8	2009
8	2008
8	2007
8	2006
8	2005
8	2004
8	2003
8	2002
8	2001
8	2000
8	1999
8	1998
8	1997
8	1996
8	1995
8	1994
8	2144
20	2143
20	2142
8	2141
9	2140
8	2139
9	2138
8	2137
9	2136
21	2135
9	2134
9	2133
8	2132
9	2131
9	2130
9	2129
9	2128
8	2127
8	2126
9	2125
9	2124
1	2123
9	2122
1	2120
1	2119
9	2118
9	2117
9	2116
21	2115
9	2114
9	2113
1	2112
9	2111
9	2110
9	2109
9	2108
4	2107
4	2106
21	2105
21	2104
8	2103
8	2102
12	2101
8	2100
21	2099
8	2098
8	2097
8	2096
22	2095
8	2094
8	2244
8	2243
21	2242
3	2241
3	2240
3	2239
3	2238
3	2237
3	2236
3	2235
8	2234
8	2233
8	2232
8	2231
8	2230
29	2229
8	2228
29	2227
29	2226
8	2225
8	2224
4	2223
22	2222
22	2221
22	2220
22	2219
22	2218
22	2217
4	2216
22	2215
22	2214
22	2213
29	2212
29	2211
29	2210
22	2209
22	2208
22	2207
29	2206
22	2205
22	2204
22	2203
22	2202
22	2201
22	2200
22	2199
21	2198
12	2197
12	2196
12	2195
21	2345
21	2344
28	2343
21	2342
28	2341
21	2340
21	2339
28	2338
21	2337
21	2336
21	2335
28	2334
21	2333
28	2332
28	2331
28	2330
28	2329
28	2328
28	2326
28	2325
28	2324
28	2323
28	2322
28	2321
28	2320
28	2319
28	2318
28	2317
28	2316
28	2315
28	2314
25	2313
28	2312
25	2311
28	2310
25	2309
25	2308
28	2307
21	2306
28	2305
21	2304
7	2303
7	2302
7	2301
7	2300
8	2299
8	2298
8	2297
8	2296
8	2295
25	2449
24	2448
28	2447
24	2445
25	2444
24	2443
25	2442
24	2441
28	2440
24	2439
25	2438
24	2437
24	2436
25	2435
28	2434
25	2433
28	2432
25	2431
25	2430
28	2429
25	2428
28	2427
25	2426
25	2425
7	2424
25	2422
25	2421
7	2420
7	2419
7	2418
7	2417
7	2416
7	2415
7	2414
7	2413
24	2411
24	2410
24	2409
23	2408
23	2406
23	2405
23	2404
23	2403
23	2402
23	2401
23	2400
23	2399
24	2398
24	2397
24	2396
22	2553
22	2552
22	2551
22	2550
29	2549
29	2548
29	2547
29	2546
29	2545
29	2544
27	2543
27	2542
27	2541
27	2540
27	2539
27	2538
27	2536
13	2535
13	2534
13	2533
13	2532
13	2531
13	2530
7	2529
13	2528
13	2527
7	2526
13	2525
13	2524
27	2523
27	2522
27	2521
26	2520
26	2519
26	2518
26	2517
26	2516
26	2515
26	2514
26	2513
26	2512
26	2511
26	2509
26	2508
26	2507
26	2506
26	2505
26	2504
26	2503
7	2502
53	78487
29	78702
30	78691
22	78690
31	78689
17	471
16	470
8	468
0	467
29	466
0	465
13	464
6	463
16	460
17	459
28	458
6	456
29	455
10	454
20	452
7	451
0	450
19	449
19	448
9	510
17	508
9	507
18	505
15	504
16	503
8	502
28	500
8	499
16	498
13	497
20	496
22	494
16	493
24	492
16	491
18	489
4	487
19	485
28	484
15	481
23	480
10	479
17	478
20	477
10	475
20	474
5	473
29	78901
29	78900
0	3315
16	3309
22	3277
22	3276
22	3275
53	5152
28	63090
29	77537
20	62229
9	7703
11	7702
10	7700
7	7698
15	7697
15	7696
15	7695
15	7694
15	7693
15	7692
8	7688
8	7687
25	7686
20	7685
25	7682
5	7681
10	7680
16	7679
22	7678
10	7675
10	7674
10	7673
7	7671
18	7670
10	7669
20	7667
16	7666
16	7665
5	7663
53	7662
6	2610
20	2607
7	2606
7	2605
7	2604
7	2603
7	2601
27	2600
7	2599
27	2598
6	2597
6	2596
6	2595
19	2594
6	2593
14	21478
27	21477
22	21476
21	21475
25	21474
17	21473
4	21472
24	21471
18	21470
25	21528
29	21527
9	21526
25	21525
17	21524
28	21523
11	21522
6	21521
5	21520
24	21519
30	21518
8	21517
19	21516
10	21515
4	21514
11	21513
20	21512
11	21511
10	21510
19	21509
21	21508
17	21507
9	21506
20	21505
9	21504
11	21503
18	21502
17	21501
18	21500
26	21499
30	21498
8	21497
26	21496
27	21495
7	21494
24	21493
22	21492
9	21491
8	21490
8	21489
17	21488
5	21487
12	21486
8	21485
20	21484
12	21483
29	21482
26	21481
26	21480
24	21479
21	21576
26	21575
19	21574
18	21573
7	21572
5	21571
27	21570
23	21569
24	21568
25	21567
24	21566
25	21565
22	21564
11	21563
13	21562
21	21561
19	21560
8	21559
22	21558
22	21557
30	21556
22	21555
8	21554
8	21553
22	21552
29	21551
23	21550
30	21549
9	21548
23	21547
25	21546
9	21545
22	21544
13	21543
18	21542
23	21541
29	21540
26	21539
30	21538
28	21537
30	21536
13	21535
25	21534
30	21533
20	21532
17	21531
25	21530
17	21529
10	20743
9	19960
10	19959
27	19958
10	19956
16	19955
10	19954
10	19953
10	20756
28	4255
28	4254
10	4251
18	4248
0	5091
0	5083
25	21623
26	21622
20	21621
12	21620
9	21619
24	21618
8	21617
19	21616
11	21615
30	21614
26	21613
28	21612
25	21611
4	21610
22	21609
25	21608
22	21607
12	21606
22	21605
25	21604
15	21603
25	21602
8	21601
29	21600
25	21599
9	21598
24	21597
25	21596
23	21595
30	21594
30	21593
12	21592
24	21591
15	21590
26	21589
22	21588
8	21587
18	21586
23	21585
28	21584
9	21583
18	21582
20	21581
17	21580
11	21579
18	21578
5	21577
11	21673
22	21672
14	21671
23	21670
17	21669
13	21668
28	21667
18	21666
7	21665
21	21664
20	21663
28	21662
19	21661
10	21660
24	21659
25	21658
30	21657
21	21656
22	21655
13	21654
22	21653
19	21652
9	21651
7	21650
20	21649
17	21648
5	21647
8	21646
23	21645
30	21644
7	21643
27	21642
27	21641
8	21640
28	21639
21	21638
12	21637
22	21636
13	21635
23	21634
21	21633
28	21632
25	21631
29	21630
26	21629
29	21628
8	21627
13	21626
25	21625
8	21624
13	21723
17	21722
13	21721
29	21720
22	21719
6	21718
30	21717
23	21716
21	21715
27	21714
5	21713
29	21712
18	21711
12	21710
6	21709
25	21708
8	21707
7	21706
28	21705
22	21704
12	21703
26	21702
20	21701
4	21700
9	21699
25	21698
12	21697
23	21696
13	21695
30	21694
20	21693
11	21692
24	21691
29	21690
22	21689
9	21688
22	21687
24	21686
18	21685
20	21684
26	21683
29	21682
9	21681
10	21680
26	21679
21	21678
15	21677
24	21676
21	21675
12	21674
9	21773
25	21772
7	21771
30	21770
8	21769
20	21768
8	21767
24	21766
28	21765
4	21764
29	21763
13	21762
13	21761
22	21760
26	21759
8	21758
8	21757
30	21756
22	21755
11	21754
28	21753
13	21752
25	21751
8	21750
6	21749
17	21748
29	21747
19	21746
18	21745
29	21744
25	21743
22	21742
25	21741
6	21740
18	21739
8	21738
29	21737
29	21736
3	21735
21	21734
4	21733
9	21732
17	21731
12	21730
12	21729
23	21728
24	21727
19	21726
12	21725
11	21724
24	21823
4	21822
12	21821
30	21820
8	21819
20	21818
21	21817
23	21816
20	21815
27	21814
9	21813
9	21812
29	21811
20	21810
29	21809
25	21808
25	21807
21	21806
22	21805
29	21804
19	21803
25	21802
27	21801
28	21800
8	21799
5	21798
24	21797
5	21796
9	21795
29	21794
26	21793
5	21792
30	21791
8	21790
24	21789
12	21788
21	21787
11	21786
16	21785
8	21784
10	21783
30	21782
30	21781
29	21780
9	21779
26	21778
20	21777
23	21776
28	21775
30	21774
5	21873
8	21872
17	21871
8	21870
21	21869
17	21868
8	21867
25	21866
22	21865
28	21864
28	21863
27	21862
30	21861
11	21860
30	21859
8	21858
25	21857
22	21856
5	21855
29	21854
5	21853
29	21852
16	21851
27	21850
26	21849
7	21848
13	21847
29	21846
30	21845
18	21844
20	21843
8	21842
29	21841
25	21840
18	21839
18	21838
25	21837
24	21836
30	21835
29	21834
11	21833
26	21832
5	21831
17	21830
25	21829
12	21828
29	21827
22	21826
21	21825
28	21824
28	21923
24	21922
17	21921
26	21920
8	21919
23	21918
8	21917
5	21916
26	21915
17	21914
26	21913
8	21912
6	21911
22	21910
22	21909
8	21908
19	21907
8	21906
11	21905
19	21904
21	21903
19	21902
25	21901
8	21900
25	21899
28	21898
8	21897
12	21896
22	21895
26	21894
8	21893
13	21892
11	21891
7	21890
25	21889
29	21888
8	21887
28	21886
24	21885
9	21884
22	21883
27	21882
8	21881
20	21880
11	21879
24	21878
9	21877
25	21876
22	21875
11	21874
9	21973
22	21972
29	21971
23	21970
8	21969
23	21968
29	21967
20	21966
27	21965
8	21964
30	21963
26	21962
6	21961
9	21960
18	21959
22	21958
11	21957
30	21956
30	21955
19	21954
20	21953
22	21952
29	21951
12	21950
28	21949
30	21948
25	21947
30	21946
12	21945
11	21944
5	21943
26	21942
13	21941
20	21940
23	21939
13	21938
6	21937
19	21936
11	21935
24	21934
9	21933
30	21932
22	21931
9	21930
28	21929
22	21928
13	21927
9	21926
29	21925
11	21924
30	22023
9	22022
12	22021
6	22020
30	22019
13	22018
23	22017
18	22016
25	22015
27	22014
5	22013
19	22012
27	22011
28	22010
24	22009
18	22008
17	22007
25	22006
8	22005
10	22004
23	22003
25	22002
22	22001
21	22000
22	21999
28	21998
11	21997
10	21996
11	21995
17	21994
10	21993
20	21992
9	21991
21	21990
23	21989
10	21988
28	21987
28	21986
8	21985
24	21984
7	21983
24	21982
30	21981
22	21980
30	21979
12	21978
25	21977
23	21976
28	21975
18	21974
11	22034
26	22033
29	22032
26	22031
29	22029
29	22028
11	22027
28	22026
29	22025
5	22024
30	22249
19	58530
19	3964
19	3963
19	3962
19	3961
10	3946
12	3944
10	3943
20	3942
24	3941
10	3940
20	3938
15	3937
11	3936
20	3935
11	3934
23	3933
23	3932
23	3931
25	3930
15	3929
25	3928
18	3927
15	3926
16	3925
8	3924
15	3923
25	3922
25	3921
20	3920
18	3919
16	3918
19	3917
10	3915
20	3914
10	3913
21	3911
21	3910
10	3909
10	3908
10	3906
15	4029
15	4026
8	4021
9	4020
14	4216
21	4185
7	4183
15	4182
12	7568
1	7567
1	7566
1	7565
1	7564
1	7563
1	7562
1	7561
21	7560
7	20813
9	20812
25	20811
4	20810
10	20809
11	20808
25	20807
10	20806
10	20805
19	20801
14	20794
26	20793
28	20921
22	20920
25	20919
8	20918
7	20917
15	20916
18	20915
8	20914
22	20913
30	20912
29	20911
18	20910
8	20909
8	20908
8	20907
24	20906
13	20905
8	20904
22	20903
11	20902
9	20901
22	20900
25	20899
21	20898
27	20897
8	20896
23	20895
24	20894
20	20893
27	20892
17	20891
9	20890
5	20889
28	20888
25	20887
13	20886
18	20885
4	20884
28	20883
6	20882
12	20881
20	20880
25	20879
18	20878
26	20877
20	20876
8	20875
17	20874
13	20873
17	20872
24	21071
5	21070
29	21069
30	21068
29	21067
11	21066
5	21065
19	21064
23	21063
7	21062
20	21061
8	21060
24	21059
23	21058
22	21057
18	21056
5	21055
13	21054
26	21053
20	21052
13	21051
30	21050
10	21049
21	21048
11	21047
19	21046
19	21045
28	21044
6	21043
8	21042
11	21041
22	21040
24	21039
12	21038
24	21037
22	21036
18	21035
29	21034
18	21033
11	21032
30	21031
13	21030
22	21029
30	21028
17	21027
11	21026
31	21025
18	21024
29	21023
8	21022
26	21171
11	21170
30	21169
10	21168
30	21167
15	21166
29	21165
9	21164
30	21163
23	21162
8	21161
28	21160
9	21159
12	21158
17	21157
12	21156
20	21155
8	21154
8	21153
8	21152
13	21151
25	21150
30	21149
28	21148
4	21147
25	21146
22	21145
8	21144
9	21143
25	21142
25	21141
17	21140
28	21139
10	21138
30	21137
27	21136
18	21135
7	21134
9	21133
26	21132
5	21131
29	21130
13	21129
6	21128
19	21127
9	21126
25	21125
18	21124
18	21123
14	21122
13	21271
25	21270
28	21269
25	21268
25	21267
25	21266
28	21265
25	21264
5	21263
25	21262
20	21261
11	21260
4	21259
8	21258
13	21257
24	21256
23	21255
8	21253
25	21252
26	21251
22	21250
29	21249
22	21248
22	21247
25	21246
20	21245
25	21244
18	21243
5	21242
26	21241
9	21240
18	21239
18	21238
7	21237
9	21236
28	21235
7	21234
6	21233
22	21232
26	21231
15	21230
18	21229
25	21228
12	21227
9	21226
27	21225
25	21224
19	21223
30	21222
11	21371
30	21370
20	21369
30	21368
12	21367
22	21366
19	21365
10	21364
30	21363
29	21362
29	21361
25	21360
8	21359
29	21358
25	21357
24	21356
30	21355
29	21354
29	21353
11	21352
10	21351
30	21350
20	21349
22	21348
23	21347
22	21346
25	21345
25	21344
10	21343
29	21342
28	21341
22	21340
28	21339
10	21338
18	21337
29	21336
29	21335
25	21334
8	21333
18	21332
10	21331
8	21330
22	21329
12	21328
21	21327
11	21326
30	21325
13	21324
13	21323
8	21322
24	1893
24	1892
24	1891
24	1890
10	1889
26	1888
26	1886
10	1884
20	1882
6	2592
13	2591
13	2589
13	2588
13	21454
22	21453
19	21452
21	21451
21	21450
11	21449
8	21448
13	21447
25	21446
20	21445
12	21444
25	21443
20	21442
30	21441
25	21440
29	21439
23	21438
15	21437
26	21436
13	21435
17	21434
21	21433
28	21432
20	21431
9	21430
21	21429
17	21428
9	21427
11	21426
8	21425
11	21424
13	21423
22	21422
8	1993
8	1992
8	1991
8	1990
8	1989
8	1988
8	1987
8	1986
8	1985
8	1984
8	1983
8	1982
8	1981
8	1980
11	1979
11	1978
11	1977
11	1976
11	1975
11	1974
11	1973
11	1972
11	1971
11	1970
11	1969
11	1968
11	1967
11	1966
11	1965
11	1964
11	1963
11	1962
11	1961
11	1960
11	1959
11	1958
11	1957
11	1956
11	1955
11	1954
26	1953
11	1952
11	1951
12	1950
12	1949
12	1948
12	1947
12	1946
12	1945
12	1944
8	2093
8	2092
8	2091
21	2090
8	2089
4	2088
8	2087
8	2086
8	2085
8	2084
8	2083
8	2082
8	2081
8	2080
3	2079
3	2078
3	2077
3	2076
5	2075
9	2074
8	2073
8	2072
9	2071
9	2070
9	2069
9	2068
9	2067
9	2066
9	2065
9	2064
9	2063
11	2062
11	2061
11	2060
11	2059
11	2058
11	2057
11	2056
11	2055
11	2054
11	2053
11	2052
11	2051
9	2050
9	2049
9	2048
9	2047
9	2046
9	2045
9	2044
12	2194
12	2193
12	2192
12	2191
12	2190
12	2189
12	2188
21	2187
12	2186
12	2185
12	2184
12	2183
12	2182
12	2181
12	2180
12	2179
12	2178
12	2177
12	2176
20	2174
20	2173
21	2172
20	2171
12	2170
20	2169
20	2168
8	2167
8	2166
20	2165
20	2164
20	2163
8	2162
20	2161
8	2160
20	2159
20	2158
20	2157
8	2156
20	2155
20	2154
20	2153
8	2152
20	2151
20	2150
20	2149
8	2148
8	2147
9	2146
9	2145
8	2294
16	2293
8	2292
4	2291
4	2290
8	2289
7	2288
8	2287
8	2286
8	2285
8	2284
8	2283
8	2282
7	2281
7	2280
7	2279
4	2278
28	2277
28	2276
28	2275
28	2274
28	2273
28	2272
4	2271
28	2270
4	2269
4	2268
23	2267
27	2266
28	2265
28	2264
28	2263
8	2262
4	2260
8	2259
8	2258
8	2257
8	2256
4	2255
4	2254
4	2253
4	2252
4	2251
8	2250
22	2249
21	2248
8	2247
8	2246
4	2245
24	2395
17	2394
24	2393
24	2392
24	2391
24	2390
24	2389
24	2388
24	2387
24	2386
24	2385
24	2384
24	2383
24	2382
24	2381
23	2380
24	2379
24	2378
7	2377
24	2376
24	2375
24	2374
24	2373
24	2372
24	2371
24	2370
24	2369
24	2368
24	2367
24	2366
24	2365
24	2364
21	2363
21	2362
8	2361
21	2360
21	2359
8	2358
21	2357
21	2356
21	2355
8	2354
21	2353
21	2352
11	2351
21	2350
21	2349
21	2348
8	2347
21	2346
7	2501
26	2500
26	2498
6	2497
26	2496
26	2495
7	2494
25	2493
25	2492
7	2491
26	2490
25	2489
26	2488
26	2487
7	2486
26	2485
26	2484
7	2483
26	2482
26	2481
26	2480
7	2479
26	2477
26	2476
7	2475
26	2474
26	2473
26	2472
26	2471
26	2469
26	2468
26	2467
26	2466
26	2465
26	2464
26	2463
26	2462
26	2461
26	2460
24	2459
24	2458
24	2457
24	2456
24	2455
24	2454
24	2453
28	2452
28	2451
24	2450
13	2587
7	2586
13	2585
7	2584
7	2583
7	2582
12	2581
12	2580
12	2579
7	2578
12	2577
7	2576
12	2575
7	2574
6	2573
7	2570
12	2569
22	2568
12	2567
7	2566
7	2565
7	2564
7	2563
7	2562
7	2561
7	2560
18	2558
22	2557
22	2556
22	2555
22	2554
